84.12307390807785623110248707234859466552734375;84.514514525162695690596592612564563751220703125;5.94394824779005404025156167335808277130126953125;
88.066586697393425967506252947263419628143310546875;87.4156748904626845230894043887965381145477294921875;6.3465727571087665993828148772008717060089111328125;
92.010098061937384346410018822178244590759277343750;90.3168344711457650525822161650285124778747558593750;6.7491994758159988190140680810436606407165527343750;
95.953607536543242708813784697093069553375244140625;93.2179938714748775805750279412604868412017822265625;7.1518282648152990566453212848864495754241943359375;
99.897115013678018853217550572007894515991210937500;96.1191533359775467990678397174924612045288085937500;7.5544589871121248217765744887292385101318359375000;
103.840620823523746288121316446922719478607177734375;99.0203126621240769885606514937244355678558349609375;7.9570915150541383254078276925720274448394775390625;
107.784125352996198494025082321837544441223144531250;101.9214715793721267335534632699564099311828613281250;8.3597257322679075025390808964148163795471191406250;
111.727628894906956197428848196752369403839111328125;104.8226299007853042070462750461883842945098876953125;8.7623615328782434536703341002576053142547607421875;
115.671131656268403800332614071667194366455078125000;107.7237875164871843950390868224203586578369140625000;9.1649988197491867908015873041003942489624023437500;
119.614633785850441643236379946582019329071044921875;110.6249443679029206050318985986523330211639404296875;9.5676375026856838659328405079431831836700439453125;
123.558135393905728612140145821496844291687011718750;113.5261004294747519650247103748843073844909667968750;9.9702774969928366650640937117859721183776855468750;
127.501636564513903238543911696411669254302978515625;116.4272556973091299310175221511162817478179931640625;10.3729187224845552006953469156287610530853271484375;
131.445137363337113659447677571326494216918945312500;119.3284101820155196005103339273482561111450195312500;10.7755611028892262383266001194715499877929687500000;
135.388637842659695872851443446241319179534912109375;122.2295639039670640345031457035802304744720458984375;11.1782045655493707189578533233143389225006103515625;
139.332138044786951467255209321156144142150878906250;125.1307168900137892214959574798122048377990722656250;11.5808490413096610655891065271571278572082519531250;
143.275638004415219156158975196070969104766845703125;128.0318691711236071739887692560441792011260986328125;11.9834944645058465522203597309999167919158935546875;
147.219137750332170759062741070985794067382812500000;130.9330207806556104464815810322761535644531250000000;12.3861407729911628048516129348427057266235351562500;
151.162637306665911481466506945900619029998779296875;133.8341717530879637074743928085081279277801513671875;12.7887879081593399494828661386854946613311767578125;
155.106136693821084491370272820815443992614746093750;136.7353221230849830049672045847401022911071777343750;13.1914358149414187701141193425282835960388183593750;
159.049635929192377354774038695730268955230712890625;139.6364719248227373699600163609720766544342041015625;13.5940844417666426697453725463710725307464599609375;
162.993135027716339065177804570645093917846679687500;142.5376211915134367509528281372040510177612304687500;13.9967337404862527063766257502138614654541015625000;
166.936634002303607951581570445559918880462646484375;145.4387699550826622189456399134360253810882568359375;14.3993836662640294800078789540566504001617431640625;
170.880132864181295346485336320474743843078613281250;148.3399182459633814584384516896679997444152832031250;14.8020341774398939736391321578994393348693847656250;
174.823631623166941958389102195389568805694580078125;151.2410660929782418779312634658999741077423095703125;15.2046852353736580702703853617422282695770263671875;
178.767130287889723584292868070304393768310546875000;154.1422135232876200939240752421319484710693359375000;15.6073368042757693564016385655850172042846679687500;
182.710628865970548222196633945219218730926513671875;157.0433605623857363169168870183639228343963623046875;16.0099888510310996235328917694278061389923095703125;
186.654127364169802067600399820134043693542480468750;159.9445072341310538604096987945958971977233886718750;16.4126413450207993626641449732705950736999511718750;
190.597625788509408196504165695048868656158447265625;162.8456535608003403544025105708278715610504150390625;16.8152942579461778677953981771133840084075927734375;
194.541124144374321557407931569963693618774414062500;165.7467995631582949963953223470598459243774414062500;17.2179475636575809929266513809561729431152343750000;
198.484622436597437154311697444878518581390380859375;168.6479452605366518838881341232918202877044677734375;17.6206012379903796365579045847989618778228759765625;
202.428120669531025147715463319793343544006347656250;171.5490906709182453858809458995237946510314941406250;18.0232552586094692691891577886417508125305175781250;
206.371618847107150403119229194708168506622314453125;174.4502358110227494328737576757557690143585205078125;18.4259096048631110948204109924845397472381591796875;
210.315116972889030590022995069622993469238281250000;177.3513806963917467758665694519877433776855468750000;18.8285642576465046929516641963273286819458007812500;
214.258615050114897443426760944537818431854248046875;180.2525253414715040963593812282197177410125732421875;19.2312191992751516470829174001701176166534423828125;
218.202113081735622100330526819452643394470214843750;183.1536697596923718513521930044516921043395996093750;19.6338744133678303632141706040129065513610839843750;
222.145611070447126881734292694367468357086181640625;186.0548139635441327043450047806836664676666259765625;20.0365298847388358568454238078556954860687255859375;
226.089109018718417245138058569282293319702148437500;188.9559579646469205208378165569156408309936523437500;20.4391855992990288049766770116984844207763671875000;
230.032606928815917493541824444197118282318115234375;191.8571017738175480493306283331476151943206787109375;20.8418415439651721561079302155412733554840087890625;
233.976104802824673607445590319111943244934082031250;194.7582454011312351438234401093795895576477050781250;21.2444977065770000757391834193840622901916503906250;
237.919602642666889750849356194026768207550048828125;197.6593888559788360188162518856115639209747314453125;21.6471540758214541853704366232268512248992919921875;
241.863100450118186613753122068941593170166015625000;200.5605321471197354203090636618435382843017578125000;22.0498106411635290490016898270696401596069335937500;
245.806598226821905966656887943856418132781982421875;203.4616752827306288713018754380755126476287841796875;22.4524673927831873731329430309124290943145751953125;
249.750095974301733631560653818771243095397949218750;206.3628182704504283077946872143074870109558105468750;22.8551243215178313997641962347552180290222167968750;
253.693593693972870207964419693686068058013916015625;209.2639611174215467532874989905394613742828369140625;23.2577814188098475058954494385980069637298583984375;
257.637091387151943523368185568600893020629882812500;212.1651038303278181957803107667714357376098632812500;23.6604386766587738760267026424407958984375000000000;
261.580589055065827462271951443515717983245849609375;215.0662464154293045392731225430034101009368896484375;24.0630960875776747216579558462835848331451416015625;
265.524086698859507431675717318430542945861816406250;217.9673888785942326342659343192353844642639160156250;24.4657536445533377852892090501263737678527832031250;
269.467584319603112347079483193345367908477783203125;220.8685312253282925952587460954673588275909423828125;24.8684113410099440369204622539691627025604248046875;
273.411081918298215934983249068260192871093750000000;223.7696734608015150992515578716993331909179687500000;25.2710691707758890730517154578119516372680664062500;
277.354579495883495769387014943175017833709716796875;226.6708155898729309882443696479313075542449951171875;25.6737271280534644776829686616547405719757080078125;
281.298077053239826323790780818089842796325683593750;229.5719576171132018952371814241632819175720214843750;26.0763852073911341443142218654975295066833496093750;
285.241574591194872035194546693004667758941650390625;232.4730995468253961982299932003952562808990478515625;26.4790434036581652579454750693403184413909912109375;
289.185072110527237636598312567919492721557617187500;235.3742413830640706687228049766272306442260742187500;26.8817017120213963140767282731831073760986328125000;
293.128569611970225564002078442834317684173583984375;238.2753831296528049142156167528592050075531005859375;27.2843601279239452692079814770258963108062744140625;
297.072067096215243875405844317749142646789550781250;241.1765247902003232192084285290911793708801269531250;27.6870186470656797808392346808686852455139160156250;
301.015564563914902659309610192663967609405517578125;244.0776663681153267217012403053231537342071533203125;28.0896772653852886224704878847114741802215576171875;
304.959062015685832214213376067578792572021484375000;246.9788078666201480446940520815551280975341796875000;28.4923359790438088726017410885542631149291992187500;
308.902559452111252232617141942493617534637451171875;249.8799492887633305301868638577871024608612060546875;28.8949947844094774967329942923970520496368408203125;
312.846056873743317726520907817408442497253417968750;252.7810906374312250596796756340190768241882324218750;29.2976536780437886013642474962398409843444824218750;
316.789554281105264400924673692323267459869384765625;255.6822319153586890536724874102510511875152587890625;29.7003126566886490609955007000826299190521240234375;
320.733051674693373550328439567238092422485351562500;258.5833731251389645866652991864830255508422851562500;30.1029717172545355066267539039254188537597656250000;
324.676549054978774261232205442152917385101318359375;261.4845142692328055761581109627149999141693115234375;30.5056308568095649342580071077682077884674072265625;
328.620046422409098707135971317067742347717285156250;264.3856553499769176551509227389469742774963378906250;30.9082900725693995373892603116109967231750488281250;
332.563543777410004575039737191982567310333251953125;267.2867963695917685726437345151789486408233642578125;31.3109493618879138800205135154537856578826904296875;
336.507041120386577128443503066897392272949218750000;270.1879373301888217336365462914109230041503906250000;31.7136087222485592936517667192965745925903320312500;
340.450538451724622072847268941812217235565185546875;273.0890782337772407396293580676428973674774169921875;32.1162681512563664712830199231393635272979736328125;
344.394035771791859202251034816727042198181152343750;275.9902190822701084911221698438748717308044433593750;32.5189276466305327184142731269821524620056152343750;
348.337533080939025767654800691641867160797119140625;278.8913598774902005131149816201068460941314697265625;32.9215872061975452590455263308249413967132568359375;
352.281030379500897585058566566556692123413085937500;281.7925006211753486296077933963388204574584960937500;33.3242468278847964531767795346677303314208984375000;
356.224527667797235085962332441471517086029052734375;284.6936413149834279116006051725707948207855224609375;33.7269065097146507983080327385105192661285400390625;
360.168024946133660796866098316386342048645019531250;287.5947819604969969245934169488027691841125488281250;34.1295662497989272024392859423533082008361816406250;
364.111522214802474087269864191301167011260986328125;290.4959225592276186685862287250347435474395751953125;34.5322260463337632960705391461960971355438232421875;
368.055019474083408460673630066215991973876953125000;293.3970631126198872210790405012667179107666015625000;34.9348858975948314982017923500388860702514648437500;
371.998516724244336155577395941130816936492919921875;296.2982036220551829325718522774986922740936279296875;35.3375458019328792198330455538816750049591064453125;
375.942013965541924366481161816045641899108886718750;299.1993440888551770615646640537306666374206542968750;35.7402057577695680079642987577244639396667480468750;
379.885511198222246996384927690960466861724853515625;302.1004845142851049585574758299626410007476806640625;36.1428657635935886090955519615672528743743896484375;
383.829008422521355488288693565875291824340820312500;305.0016248995568252890502876061946153640747070312500;36.5455258179570309147268051654100418090820312500000;
387.772505638665811957192459440790116786956787109375;307.9027652458316813190430993824265897274017333984375;36.9481859194719895438580583692528307437896728515625;
391.716002846873187557096225315704941749572753906250;310.8039055542231789500359111586585640907287597656250;37.3508460668073874409893115730956196784973144531250;
395.659500047352528751999991190619766712188720703125;313.7050458257994949795287229348905384540557861328125;37.7535062586860013446205647769384086132049560546875;
399.602997240304793927403757065534591674804687500000;316.6061860615858279560215347111225128173828125000000;38.1561664938816743207518179807811975479125976562500;
403.546494425923262565807522940449416637420654296875;319.5073262625666029890143464873544871807098388671875;38.5588267712167017773830711846239864826202392578125;
407.489991604393919019211288815364241600036621093750;322.4084664296875409625071582635864615440368652343750;38.9614870895593784785143243884667754173278808593750;
411.433488775895812738115054690279066562652587890625;325.3096065638576017609999700398184359073638916015625;39.3641474478216950891455775923095643520355224609375;
415.376985940601396659518820565193891525268554687500;328.2107466659508103529927818160504102706909179687500;39.7668078449571737037768307961523532867431640625000;
419.320483098676845317922586440108716487884521484375;331.1118867368079738864855935922823846340179443359375;40.1694682799588326399080839999951422214508056640625;
423.263980250282354112326352315023541450500488281250;334.0130267772382973074784053685143589973449707031250;40.5721287518572715525393372038379311561584472656250;
427.207477395572421046230118189938366413116455078125;336.9141667880209044329712171447463333606719970703125;40.9747892597188686211705904076807200908660888671875;
431.150974534696112153133884064853191375732421875000;339.8153067699062708809640289209783077239990234375000;41.3774498026440821943018436115235090255737304687500;
435.094471667797311722537649939768016338348388671875;342.7164467236175747679568406972102820873260498046875;41.7801103797658498659330968153662979602813720703125;
439.037968795014958353941415814682841300964355468750;345.6175866498519706409496524734422564506530761718750;42.1827709902480784895643500192090868949890136718750;
442.981465916483267787845181689597666263580322265625;348.5187265492817916999424642496742308139801025390625;42.5854316332842191246956032230518758296966552734375;
446.924963032331943388248947564512491226196289062500;351.4198664225556849929352760259062051773071289062500;42.9880923080959213593268564268946647644042968750000;
450.868460142686375085652713439427316188812255859375;354.3210062702996839189280878021381795406341552734375;43.3907530139317618639581096307374536991119384765625;
454.811957247667827528056479314342141151428222656250;357.2221460931182220574208995783701539039611816406250;43.7934137500660424110893628345802426338195800781250;
458.755454347393618130960245189256966114044189453125;360.1232858915950920569137113546021282672882080078125;44.1960745157976529367206160384230315685272216796875;
462.698951441977285668864011064171791076660156250000;363.0244256662943530404065231308341026306152343750000;44.5987353104489955433518692422658205032348632812500;
466.642448531528750001767776939086616039276123046875;365.9255654177611897408993349070660769939422607421875;45.0013961333649656379831224461086094379425048828125;
470.585945616154463488671542814001441001892089843750;368.8267051465227263578921466832980513572692871093750;45.4040569839119866621143756499513983726501464843750;
474.529442695957554599575308688916265964508056640625;371.7278448530887979093849584595300257205963134765625;45.8067178614770951277456288537941873073577880859375;
478.472939771037964199479074563831090927124023437500;374.6289845379526816648777702357620000839233398437500;46.2093787654670729003768820576369762420654296875000;
482.416436841492574949382840438745915889739990234375;377.5301242015917910698705820119939744472503662109375;46.6120396953076238735081352614797651767730712890625;
486.359933907415334235286606313660740852355957031250;380.4312638444683343993633937882259488105773925781250;47.0147006504425923861393884653225541114807128906250;
490.303430968897371007190372188575565814971923828125;383.3324034670299402318562055644579231739044189453125;47.4173616303332209097706416691653430461883544921875;
494.246928026027106886594138063490390777587890625000;386.2335430697102516948490173406898975372314453125000;47.8200226344574446954018948730081319808959960937500;
498.190425078890361873497903938405215740203857421875;389.1346826529294913013418291169218719005584716796875;48.2226836623092212300331480768509209156036376953125;
502.133922127570454965401669813320040702819824218750;392.0358222170949980763346408931538462638854980468750;48.6253447133978924911644012806937098503112792968750;
506.077419172148299978305435688234865665435791015625;394.9369617626017385593274526693858206272125244140625;49.0280057872475781232956544845364987850189208984375;
510.020916212702496838709201563149690628051757812500;397.8381012898327931688202644456177949905395507812500;49.4306668833965977814269076883792877197265625000000;
513.964413249309418603112967438064515590667724609375;400.7392407991598193178130762218497693538665771484375;49.8333280013969209960581608922220766544342041015625;
517.907910282043294440516733312979340553283691406250;403.6403802909434925793058879980817437171936035156250;50.2359891408136430251894140960648655891418457031250;
521.851407310976288797920499187894165515899658203125;406.5415197655339271167986997743137180805206298828125;50.6386503012244852583206672999076545238494873046875;
525.794904336178576959824265062808990478515625000000;409.4426592232710765217915115505456924438476562500000;51.0413114822193188194519205037504434585571289062500;
529.738401357718417195728030937723815441131591796875;412.3437986644851161262843233267776668071746826171875;51.4439726833997101070831737075932323932647705078125;
533.681898375662219677131796812638640403747558593750;415.2449380894968077927771351030096411705017089843750;51.8466339043784870872144269114360213279724121093750;
537.625395390074612336035562687553465366363525390625;418.1460774986178481222699468792416155338287353515625;52.2492951447793252268456801152788102626800537109375;
541.568892401018503826439328562468290328979492187500;421.0472168921512009627627586554735898971557617187500;52.6519564042363520239769333191215991973876953125000;
545.512389408555143739343094437383115291595458984375;423.9483562703914150487555704317055642604827880859375;53.0546176823937691531081865229643881320953369140625;
549.455886412744180213746860312297940254211425781250;426.8494956336249275482483822079375386238098144531250;53.4572789789054913072394397268071770668029785156250;
553.399383413643715076650626187212765216827392578125;429.7506349821303542547411939841695129871368408203125;53.8599402934348008658706929306499660015106201171875;
557.342880411310356637554392062127590179443359375000;432.6517743161787671107340057604014873504638671875000;54.2626016256540175770019461344927549362182617187500;
561.286377405799270256958157937042415142059326171875;435.5529136360339597097268175366334617137908935546875;54.6652629752441824866331993383355438709259033203125;
565.229874397164226799361923811957240104675292968750;438.4540529419527013917196293128654360771179199218750;55.0679243418947553902644525421783328056335449218750;
569.173371385457649075765689686872065067291259765625;441.3551922341849805042124410890974104404449462890625;55.4705857253033251293957057460211217403411865234375;
573.116868370730656376169455561786890029907226562500;444.2563315129742373717052528653293848037719726562500;55.8732471251753320895269589498639106750488281250000;
577.060365353033107182573221436701714992523193359375;447.1574707785575874871980646415613591670989990234375;56.2759085412238022956582121537066996097564697265625;
581.003862332413640151476987311616539955139160156250;450.0586100311660354046908764177933335304260253906250;56.6785699731690925372894653575494885444641113281250;
584.947359308919713451380753186531364917755126953125;452.9597492710246797886836881940253078937530517578125;57.0812314207386459814207185613922774791717529296875;
588.890856282597642531784519061446189880371093750000;455.8608884983529100521764999702572822570800781250000;57.4838928836667577655519717652350664138793945312500;
592.834353253492636397688284936361014842987060546875;458.7620277133645949856693117464892566204071044921875;57.8865543616943500941832249690778553485870361328125;
596.777850221648832460092050811275839805603027343750;461.6631669162682637626621235227212309837341308593750;58.2892158545687563828144781729206442832946777343750;
600.721347187109330029995816686190664768218994140625;464.5643061072672796836549352989532053470611572265625;58.6918773620435140199457313767634332180023193359375;
604.664844149916222516899582561105489730834960937500;467.4654452865600070016477470751851797103881835937500;59.0945388838781653430769845806062221527099609375000;
608.608341110110628391803348436020314693450927734375;470.3665844543399711521405588514171540737152099609375;59.4972004198380664457082377844490110874176025390625;
612.551838067732720972207114310935139656066894531250;473.2677236107960126946333706276491284370422363281250;59.8998619696942034508394909882918000221252441406250;
616.495335022821757081110880185849964618682861328125;476.1688627561124352571261824038811028003692626953125;60.3025235332230159074707441921345889568328857421875;
620.438831975416104631514646060764789581298828125000;479.0700018904691477566189941801130771636962890625000;60.7051851102062269856019973959773778915405273437500;
624.382328925553269182918411935679614543914794921875;481.9711410140418011591118059563450515270233154296875;61.1078467004306801597332505998201668262481689453125;
628.325825873269919515822177810594439506530761718750;484.8722801270019200246046177325770258903503417968750;61.5105083036881820893645038036629557609558105468750;
632.269322818601912268225943685509264469146728515625;487.7734192295170290695974295088090002536773681640625;61.9131699197753514199957570075057446956634521484375;
636.212819761584315674629709560424089431762695312500;490.6745583217507749720902412850409746170043945312500;62.3158315484934732391270102113485336303710937500000;
640.156316702251432445533475435338914394378662109375;493.5756974038630436285830530612729489803314208984375;62.7184931896483589397582634151913225650787353515625;
644.099813640636821825937241310253739356994628906250;496.4768364760100730625758648375049233436584472656250;63.1211548430502112533895166190341114997863769531250;
648.043310576773320867341007185168564319610595703125;499.3779755383445621755686766137368977069854736328125;63.5238165085134942270207698228769004344940185546875;
651.986807510693064944744773060083389282226562500000;502.2791145910157755210614883899688720703125000000000;63.9264781858568079321520230267196893692016601562500;
655.930304442427507553148538934998214244842529296875;505.1802536341696442730543001662008464336395263671875;64.3291398749027676997832762305624783039093017578125;
659.873801372007439412052304809913039207458496093750;508.0813926679488635510471119424328207969665527343750;64.7318015754778876909145294344052672386169433593750;
663.817298299463006906956070684827864170074462890625;510.9825316924929862575399237186647951602935791015625;65.1344632874124686175457826382480561733245849609375;
667.760795224823729895859836559742689132690429687500;513.8836707079385135750327354948967695236206054687500;65.5371250105404894391770358420908451080322265625000;
671.704292148118518906763602434657514095306396484375;516.7848097144189822630255472711287438869476318359375;65.9397867446995028683082890459336340427398681640625;
675.647789069375691750167368309572339057922363281250;519.6859487120650488875183590473607182502746582031250;66.3424484897305345284395422497764229774475097656250;
679.591285988622989570071134184487164020538330078125;522.5870877010045711125111708235926926136016845703125;66.7451102454779856115707954536192119121551513671875;
683.534782905887592356974900059401988983154296875000;525.4882266813626861730039825998246669769287109375000;67.1477720117895388922020486574620008468627929687500;
687.478279821196133944378665934316813945770263671875;528.3893656532618866434967943760566413402557373046875;67.5504337885160679623333018613047897815704345703125;
691.421776734574716507282431809231638908386230468750;531.2905046168220936154896061522886157035827636718750;67.9530955755115495554645550651475787162780761718750;
695.365273646048924585186197684146463871002197265625;534.1916435721607273844824179285205900669097900390625;68.3557573726329788365958082689903676509857177734375;
699.308770555643838647089963559061288833618164062500;537.0927825193927757494752297047525644302368164062500;68.7584191797402875377270614728331565856933593750000;
703.252267463384048214993729433976113796234130859375;539.9939214586308600199680414809845387935638427734375;69.1610809966962648273583146766759455204010009765625;
707.195764369293664563897495308890938758850097656250;542.8950603899852988199608532572165131568908691406250;69.5637428233664808064895678805187344551086425781250;
711.139261273396333015301261183805763721466064453125;545.7961993135641697774536650334484875202178955078125;69.9664046596192125256208210843615233898162841796875;
715.082758175715244839205027058720588684082031250000;548.6973382294733691809464768096804618835449218750000;70.3690665053253724262520742882043123245239257812500;
719.026255076273148779108792933635413646697998046875;551.5984771378166696819392885859124362468719482421875;70.7717283603584391133833274920471012592315673828125;
722.969751975092362214012558808550238609313964843750;554.4996160386957761204321003621444106101989746093750;71.1743902245943903680145806958898901939392089843750;
726.913248872194781971916324683465063571929931640625;557.4007549322103795454249121383763849735260009765625;71.5770520979116383131458338997326791286468505859375;
730.856745767601894807320090558379888534545898437500;560.3018938184582094974177239146083593368530273437500;71.9797139801909666537770871035754680633544921875000;
734.800242661334787554223856433294713497161865234375;563.2030326975350846219105356908403337001800537109375;72.3823758713154699104083403074182569980621337890625;
738.743739553414156968127622308209538459777832031250;566.1041715695349616754033474670723080635070800781250;72.7850377711704945710395935112610459327697753906250;
742.687236443860319268031388183124363422393798828125;569.0053104345499829828961592433042824268341064453125;73.1876996796435820916708467151038348674774169921875;
746.630733332693219389435154058039188385009765625000;571.9064492926705224068889710195362567901611328125000;73.5903615966244136743020999189466238021850585937500;
750.574230219932439956338919932954013347625732421875;574.8075881439852298833817827957682311534881591796875;73.9930235220047567589333531227894127368927001953125;
754.517727105597209985742685807868838310241699218750;577.7087269885810745763745945720002055168151855468750;74.3956854556784131645646063266322016716003417968750;
758.461223989706413333146451682783663272857666015625;580.6098658265433867008674063482321798801422119140625;74.7983473975411688206958595304749906063079833984375;
762.404720872278596888050217557698488235473632812500;583.5110046579558980643602181244641542434692382812500;75.2010093474907450303271127343177795410156250000000;
766.348217753331978527453983432613313198089599609375;586.4121434829007813738530299006961286067962646484375;75.6036713054267512094583659381605684757232666015625;
770.291714632884454835357749307528138160705566406250;589.3132823014586883518458416769281029701232910156250;76.0063332712506390515896191420033574104309082031250;
774.235211510953608599261515182442963123321533203125;592.2144211137087867038386534531600773334503173828125;76.4089952448656580637208723458461463451385498046875;
778.178708387556716089665281057357788085937500000000;595.1155599197287959783314652293920516967773437500000;76.8116572261768124268521255496889352798461914062500;
782.122205262710754129569046932272613048553466796875;598.0166987195950223593242770056240260601043701171875;77.2143192150908191339833787535317242145538330078125;
786.065702136432406961472812807187438011169433593750;600.9178375133823924293170887818560004234313964843750;77.6169812115160673601146319573745131492614746093750;
790.009199008738072919876578682102262973785400390625;603.8189763011644859373099005580879747867584228515625;78.0196432153625790217458851612173020839691162109375;
793.952695879643870914280344557017087936401367187500;606.7201150830135676063027123343199491500854492187500;78.4223052265419704863771383650600910186767578125000;
797.896192749165646729684110431931912899017333984375;609.6212538590006180162955241105519235134124755859375;78.8249672449674153890083915689028799533843994140625;
801.839689617318979150587876306846737861633300781250;612.5223926291953635932883358867838978767395019531250;79.2276292705536085191396447727456688880920410156250;
805.783186484119185915991642181761562824249267578125;615.4235313936663057327811476630158722400665283203125;79.6302913032167307422708979765884578227996826171875;
809.726683349581329508395408056676387786865234375000;618.3246701524807490907739594392478466033935546875000;80.0329533428744149199021511804312467575073242187500;
813.670180213720222782799173931591212749481201171875;621.2258089057048290687667712154798209667205810546875;80.4356153894457127955334043842740356922149658203125;
817.613677076550434443702939806506037712097167968750;624.1269476534035385187595829917117953300476074218750;80.8382774428510628126646575881168246269226074218750;
821.557173938086294371606705681420862674713134765625;627.0280863956407536972523947679437696933746337890625;81.2409395030122588342959107919596135616302490234375;
825.500670798341898806010471556335687637329101562500;629.9292251324792594912452065441757440567016601562500;81.6436015698524197339271639958024024963378906250000;
829.444167657331115387914237431250512599945068359375;632.8303638639807739412380183204077184200286865234375;82.0462636432959598300584171996451914310455322265625;
833.387664515067588067318003306165337562561035156250;635.7315025902059720847308300966396927833557128906250;82.4489257232685601351896704034879803657531738281250;
837.331161371564741880221769181080162525177001953125;638.6326413112145091407236418728716671466827392578125;82.8515878096971403943209236073307693004608154296875;
841.274658226835787599125535055994987487792968750000;641.5337800270650430597164536491036415100097656250000;83.2542499025098318844521768111735582351684570312500;
845.218155080893726261029300930909812450408935546875;644.4349187378152564582092654253356158733367919921875;83.6569120016359509520834300150163471698760986328125;
849.161651933751353576433066805824637413024902343750;647.3360574435218779562020772015675902366638183593750;84.0595741070059732667146832188591361045837402343750;
853.105148785421264222836832680739462375640869140625;650.2371961442407029396948889777995645999908447265625;84.4622362185515087648459364227019250392913818359375;
857.048645635915856027240598555654287338256835937500;653.1383348400266137646877007540315389633178710937500;84.8648983362052772634771896265447139739990234375000;
860.992142485247334040644364430569112300872802734375;656.0394735309335994206805125302635133266448974609375;85.2675604599010847221084428303875029087066650390625;
864.935639333427714507548130305483937263488769531250;658.9406122170147746721733243064954876899719238281250;85.6702225895738001317396960342302918434143066406250;
868.879136180468828734951896180398762226104736328125;661.8417508983223986936661360827274620532989501953125;86.0728847251593330108709492380730807781219482421875;
