52.4109068844911263340691220946609973907470703125;11.48069096400075039809962618164718151092529296875;52.0401799523390735657812911085784435272216796875;
61.636605292031570137743878220881371207441146790513351715895477998162534922525285707370357179968323180219158530235290527343750;14.632479607651793044525955406607724077867226280343907760063243567854099252849691130580478404255018176627345383167266845703125;54.902423718885559297301060282148786475160539448845395377553017150737042039546165835169067026555467236903496086597442626953125;
70.862302537747548941418505358674583443699331226809465476226368923492706990812292351493428821385123228537850081920623779296875;17.784270252378210690952506795563800186751182073654825658913364388708868284744648463092941970131732887239195406436920166015625;57.764666646181135028820736280150757461593268770191018571883744121305777154285344531653434430040761071722954511642456054687500;
80.087998463349962745092985934420297380134521578412697752542651300818473613150913037288247675604679898242466151714324951171875;20.936063055706763337379297837499004497690076339861766553100179884700590087085391669680101145445405563805252313613891601562500;60.626908734988140760340319187221098545794053703333500254892384964741964944527123312391359011286340319202281534671783447265625;
89.313692935874726548767305186139651495105570198732808793360940780386119209708026289197546621068113381625153124332427978515625;24.087858176061450983806346121010582332264373267947884370159864070228586379112740078686782929651144513627514243125915527343750;63.489149959846661491859806176741425927823577705879926250526150016399999270863804324595280892395976479747332632541656494140625;
98.539385851346195352441451570217137863458705036509097418621038440445096115227275115899807644836982944980263710021972656250000;27.239655785444973630233670742234317459815890434532963549645933319999481244791641391771175317870756771299056708812713623046875;66.351390252729642223379189696191463763493795252471213299291721823323803714586796857928530091186303252470679581165313720703125;
107.765077138056834156115417125517116873766254835191065442005292524294210911042793074078594006692810580716468393802642822265625;30.391456081846146276661293682344313005401500737200139860605267922004454328596749186977565848621907207416370511054992675781250;69.213629487355802954898455725532748539175504702074723818459871854223392049887313777663255809358133774367161095142364501953125;
116.990766758052127959789197638241944377940773552716121649493222361882655183134283581082579761556416997336782515048980712890625;33.543259300440338923089241051051628843051999070762466556807958974945380428989759953768701183918210517731495201587677001953125;72.075867466504288686417582368851864528925357201939995768280989680447697892323955176988037329977032641181722283363342285156250;
126.216454705995951763462792515962736648190900319074433362629707727975700729909286422307512776086468875291757285594940185546875;36.695065722532676569517544079498936978542127117287873614014019943589927299254605332946843621044763494865037500858306884765625;74.938103914206099417936538987435023454759971940008931851450182062463781690205249629704864489099236379843205213546752929687500;
135.442141005501170567136204380234133721066407186049781454042200647635959528391493521259913990206769085489213466644287109375000;39.846875680673314215946239688170129778335351340306489869969079246583418057279995052634424812509905677870847284793853759765625;77.800338474298215149455286039243692913666110400967622357594368556563708348618795484184784694292602580389939248561859130859375;
144.667825703717309370809438465704961110510832606086656283052615888173126949133270630239167520159071500529535114765167236328125;42.998689557537046862375370362502042513605945899819133935952679415641927837196667461228116735583171248435974121093750000000000;80.662570716956315880973775804192212120525959972370758316112091863721707362881488639731741852045843188534490764141082763671875;
153.893508865222598174482501941999002370426660924378447616728029011509024874104073488112476297828834503889083862304687500000000;46.150507775320374508804982975722196799845543685817386299561562688496755130631248433339952619292034796671941876411437988281250;83.524800155405671612491954239429275905945403419033369472339534184284658359397247482866499801446025230688974261283874511718750;
163.119190566130631978155403259422823100233299624590933619129110729035324651161546326977314080863834533374756574630737304687500;49.302330772253662155235126181174723925689384298409289457610359986180887444371420246652659713504363026004284620285034179687500;86.387026275302322344009764241304187381869793657181635165401393885827902483520745503808857534977505565620958805084228515625000;
172.344870888995880781828151583363761272605689267974203363983119862562537142873321841483880145773355252458713948726654052734375;52.454158964412989801665846172584025068999022453625810133612272225910992301018434492629327614565681869862601161003112792968750;89.249248578015718075527150450705207397762635409534499598057211229324261350083098416445526179785474596428684890270233154296875;
181.570549918770349585500756345389010794686246418210639806952220557372445732372982568278430015595859003951773047447204589843750;55.605992695260282448097181081883821937642396549321552683743666840150388114352787466594663090546646344591863453388214111328125;92.111466635131928807044065304131420338613573714554975458468454637028633162170227388805543444760814963956363499164581298828125;
190.796227739820368389173226912042778578883530152971145896398485124707273365310419388322926703693838135222904384136199951171875;58.757832181763955094529154997407109474238545430923569633875299087372589064667588627799421630015785922296345233917236328125000;94.973680145316209538560475346705624349395010649145107272402296539225280793839132080676190827972504848730750381946563720703125;
200.021904433875147192845572357090137267656809835476470217169719128240359868033874761461543556606557103805243968963623046875000;61.909677471517102740961773203048875896029077581302973935787532080514008110349140822856184307454441295703873038291931152343750;97.835888979246255270076366220767758570406068367213033503230568259304451460355267185600713908399939100490882992744445800781250;
209.247580078724925996517801316982640772690056887811681319359226519783846660889735304296455087325057320413179695606231689453125;65.061528425338275387395020246564082131514186800037169333814054990556198072305702059976717510636490260367281734943389892578125;100.698093198313276001591744742111308161462581647096281856526276674472450920463988078765171785278198512969538569450378417968750;
218.473254747484689800189921909114268306278604185491476879231326152669275628393394622465961685264801417361013591289520263671875;68.213384732132773033828861589502850295124274839812254044508623598458150830235380474887707524800362079986371099948883056640625;103.560293040496986733106637331792171795838815860594056439471347150438745409951793018804577783953391190152615308761596679687500;
227.698928508263018603861941695056388920867086200896899276260792750130736020031362856416712325824391882633790373802185058593750;71.365245950849760680263248265385975671772566652411936087657639953428806521334567202451137912788681205711327493190765380859375;106.422488878739642464621085394718185136176911583541606852804602914760305542135780730410299366184290192904882133007049560546875;
236.924601424107752407533867674525364704748650773450887279312648616061616033698025316975299681132582918507978320121765136718750;74.517111565479133326698122985583507236996265615443540733554092842088465653895972299822214601761061203433200716972351074218750;109.284681166003508196135139219802937118646517598908669057368032876923442610828855845600537932682527753058820962905883789062500;
246.150273553131571211205706299324731525307675331231494400365210602221138863399918744571948092669799734721891582012176513671875;77.668981037875370973133426003940754703026560672364387317816343852394694794550000739238870828273775259731337428092956542968750;112.146870382321423927648852101397582163632067535159870205564958597211366855394076651707135905411405474296770989894866943359375;
255.375944948747365014877463499476518359622077108212717083041652177603708053198680052141289475997609770274721086025238037109375;80.820853848426673619569099631959295377670325516092993350643977992078282982117684910515487128890299572958610951900482177734375;115.009056993892299659162275797978513986248770465402696343572621598898885692948773845981080832245879719266667962074279785156250;
264.601615659964388818549144716101057280249637579778610656956626892151693635193686359764753124323988231481052935123443603515625;83.972729521488886266005091062529888323248653202753099180103735647621561102566764859742032278688839141977950930595397949218750;117.871241427351035390675457675534641451617751858129351793709627945561298205425830262250974644899770282790996134281158447265625;
273.827285731711977622220754937356568096881258408570740997020744798074621623729650067569085791774341487325727939605712890625000;87.124607637421423912441353706188580122750616620060951907036855065348761659397826490405791766136189835378900170326232910156250;120.733424057408881122188439335371698167059037162982023580224129338664845874979947596902785100780874927295371890068054199218750;
