95.6507017265258667748639709316194057464599609375;54.95073994248406989981958759017288684844970703125;18.58759493652889460690857958979904651641845703125;
100.763904407241974828796090978943065801917853386786141162167944402029291312180753789444487278359474657918326556682586669921875;59.961253777978668484961040057803955238949833405111013446689894523127412885019532672384312554925145377637818455696105957031250;24.911318712949385592987795764883564855309243530101736319383331919413658222089890596599726091397997151943854987621307373046875;
105.877104426566797882727915552478511484166700370648111273495769603900656214860842422621767244805823793285526335239410400390625;64.971767811351562070102514494338941886349602251227141540803232872901313871335851331083321991144430285203270614147186279296875;31.235044952882866579067285444852379310509433022122529042183339212338754752383660363151962613414980296511203050613403320312500;
110.990301857900085936659452801234987966240105865474060188125987400628780704870584086774165655242541106417775154113769531250000;69.982281833998690655243987740074802561885123966340713848005623187796953098575432838067411633886649724445305764675140380859375;37.558773791533647565147063640399288937749311134181898748591901945285353454424514250444000484918660731636919081211090087890625;
116.103496812603778990590715088871480740658927558140285996556551122650318328003501023443222450737266626674681901931762695312500;74.992795626284629240385435410580951432383476999142614762613414111160344140961955231201863103507321284268982708454132080078125;43.882505337175213551227142372295894077680941730712662953794718144470787208195251979069018144485880839056335389614105224609375;
121.216689437003897044521718660839640383538460066422080076758833475833543069742010756840999707861783463158644735813140869140625;80.003308959252547825526832086542957379065980905772672551488115814018332331352005896106527327305002472712658345699310302734375;50.206239672438374537307530814404975272967710637799702012958904932999936695356868639195102588246300001628696918487548828125000;
126.329879905917090098452482925686458678616454330599967324242458601813189473021025789091498214844477843143977224826812744140625;85.013821594916041410668151346162182525184140568273119396774071570487763536530024556514550937436069943942129611968994140625000;56.529976860492885523388235979978178616620362033120258848430494895121221506190012004965106395815155337913893163204193115234375;
131.443068413350723152383029422556292611566820192500209687138354028710529974701003868599313850751286736340261995792388916015625;90.024333286027954995809365739490201464247589158982318478858121855211612753895386693399338629006933842902071774005889892578125;62.853716954578536509469263779819572529455352902509708331691720028070394206434848847001028993020099733257666230201721191406250;
136.556255161974741206313380652333076033802348581878938890565759095317286415385908378630763770900102826999500393867492675781250;95.034843776482083580950446833026460159216627607185741940142083772622127369646889715783244501068338649929501116275787353515625;69.177460008131587495550620146545777197099591386926446595221523888623485569288618373014199125492496023070998489856719970703125;
141.669440353177429260243558973607898622628013319137314249764311484190676806242987378382791607833723901421763002872467041015625;100.045352803752947166091365480587713932986361958459734294460229273347312951008430698812690096133337647188454866409301757812500;75.501206082289233481632311867748947619352997620392969809945996843595272016360175448661251618176493138889782130718231201171875;
146.782624179059477314173585713841668816000683699482843893905784589047433699146626498444057062897627474740147590637207031250000;105.055860104983205751232092499146856813241452285259421367427923105139231023229538829547036193901021761121228337287902832031250;81.824955247808124467714346798995281330574042235246644021078000751516959470525605256294165990027522639138624072074890136718750;
151.895806816970405368103480562786437635890143122484732218376327251541553933167509929900995668816676698043011128902435302734375;110.066365428295114336372599924656699833591155038789603856820092572733914736767842470002709553966724342899397015571594238281250;88.148707579216485453796733214579916275183685380713464135456459465998517942256595242810079948725388021557591855525970458984375;
157.008988426523643422033261241092707621866853829948320652454459036354810025610617783137223923972669581416994333267211914062500;115.076868550259442921512862951489690967058336092989327835195925948216090116390722527736634184236663713818415999412536621093750;94.472463140330116439879478199479901940588598941049042651243665150273448889480784390268452987982072954764589667320251464843750;
162.122169148626306475962943392592819424407703472926675673000007611687581220877453882026064668764320231275632977485656738281250;120.087369298777651506652862472869668976293677292488921563903190330863251450390136567183962945648545428412035107612609863281250;100.796221962340442425962585216639058913661213420569984830232023036863878779504711310360809406461157777812331914901733398437500;
167.235349105926694529892540633983432156871761674643946132779188521714060381274005837211327207825206642155535519123077392578125;125.097867577857995091792587831572086566622161497142304139115439637595524359591677159182776524204427914810366928577423095703125;107.119984018590908412046051306585275375717476336198222723481763664675489129196795821605259213527006068034097552299499511718750;
172.348528404125872583822064700440154859286565600995959918977695975312533883873100963232682936165929277194663882255554199218750;130.108363387808653676932039061811796910941863919377900726068926570703960597311985947048540435133645587484352290630340576171875;113.443749203072269398129864699928089113831775309609503278570940122538941808167568966146665498939682947820983827114105224609375;
177.461707133721990637751525639275969129763430994826136031287860720230893316099078714336012563279609821620397269725799560546875;135.118856833266212262071227780583388523981655029894543884897991336423006024138398985419418085740517199155874550342559814453125;119.767517320649790384214003732359930015163924127261574935672881456471899368405355235100984145901747979223728179931640625000000;
182.574885371890553691680932018693133775691766796188950690802052822425969242385853448691623857058630164829082787036895751953125;140.129348114142540847210176182562958392851454736582803858442109265914450088797417134402201188692060895846225321292877197265625;126.091288094236096370298437641002442285214593941209391230855742269355741796749739410191115673853801126824691891670227050781250;
187.688063184317671745610291131314820803145903564649925769402519638920532394285725164354006189171286678174510598182678222656250;145.139837500607414432348914262620982797352282167435511123098887021244087803660305661598850512916669686092063784599304199218750;132.415061187975302356383129138361977638108435063894599815839668542101903349277156225760609942199153010733425617218017578125000;
192.801240626887054799539609181479184559636694468936777831320643808268258472164518278757494584851883701048791408538818359375000;150.150325299264758017487476060631159281949985449404243426316669122799225110105790178573192950040038340375758707523345947265625;138.738836239379773342468037980226684181868746199637906378944933115769402384243055652811305034077804521075449883937835693359375;
197.914417747177107853468891451450295639231392988771247495033781914115354871892403943595128978927277785260230302810668945312500;155.160811819974456602625895977951361316962891678414733882545647545544275051624519604596963429088418706669472157955169677734375;145.062612891011219328553124482974617852109946772791837187243987431747618462286617620378426085636647258070297539234161376953125;
203.027594585758410907398142445467357881618467719923395894394257788362978196990295655724456658219878590898588299751281738281250;160.171297350496035187764205962306609922226799876719309204845042197453357573748241216189669433589415348251350224018096923828125;151.386390814539535314638352194641553789307769165334004393825287750161275034355181355084918326525666998350061476230621337890625;
208.140771177300743961327366012649172755673997701742844111901030522568855282756512944594695646571835823124274611473083496093750;165.181782141640183772902433859277191109992809080822256842979773826087219886083934839056397425594013839145191013813018798828125;157.710169724484251300723689420528404512335035301410499466424954231891898055543447501776477270851728462730534374713897705078125;
213.253947551507977015256565450787779708642935105675907329935077324864933185423102697184094544979870988754555583000183105468750;170.192266401821162358040602807494116101639337171874312659404680905681230244814395517576055549824332047137431800365447998046875;164.033949382727237286809109724212119352568375128424271360207171194572172213436574129095946172895992276608012616634368896484375;
218.367123733902485069185743593436015552273324418071238045727253742774029714565059271703939547393247266882099211215972900390625;175.202750298124620943178731357190956343195589865663318856263596022895364594357576364970496829442936359555460512638092041015625;170.357729596660468272894591721906290052230538444238825375797250504019303754041613765610185815546628873562440276145935058593750;
