37.5991767119713955480619915761053562164306640625;81.658106291915601104847155511379241943359375;25.7167112925464351746995816938579082489013671875;
41.683050143112780309538733674242479686279730529237446985812191028986270617544854190025804818731103296158835291862487792968750;84.195542125871932168153265103985645326230295673247293295022632778104245546254281421134912921644399830256588757038116455078125;32.586620413674866562798483339033817448712053567063118636375319520079474903849744223290063604991928514209575951099395751953125;
45.766924419790875071015569645811963936515844985077771170233904492216690560434517705615253824191768217133358120918273925781250;86.732975670300903231459120507992990584129802910543332384965682944430723572157515771988145480975163081893697381019592285156250;39.456530978793947950897545299376423993107105393474614279220699217692568002705726191298163385567931982222944498062133789062500;
49.850799443002959832492488499303884515390909581387392584290969015285538370052130421189451325858499330934137105941772460937500;89.270406991018699294764729030465675715943951371838568090274268808856084220037076584763902076247177319601178169250488281250000;46.326443021090214338996771259331254334948565855417616077065192157368350612857432497398990633996618271339684724807739257812500;
53.934675133798434593969481469440848625816284995849406008626863741875367893497284377951617173607701261062175035476684570312500;91.807836139749245358070096413912946620147901456921861189689846839514823757231771084869054178057012904901057481765747070312500;53.196356567790340727096164241666455372849913875420168470523862727289772619866463874982454029805012396536767482757568359375000;
58.018551431736764355446541845975498501528208786343407152429353219760552279105869882651347335666969229350797832012176513671875;94.345263154872371421375226919351898016673945917486524063929168775556714438575275829407251748648377542849630117416381835937500;60.066271640955032115195726695612290153142619143909363369692194640532688620563253460195307642521811430924572050571441650390625;
62.102428290902584116923664531278293435721465896396951869394803021236576349307760298162905954200141422916203737258911132812500;96.882688066291217484680123866697983564472531920048676174290169693844762710537184529496768092826641805004328489303588867187500;66.936188256596513503295460398882845723681449550841525459575887247938607346048334179045014025177806615829467773437500000000000;
66.186305675130303878400845510162161713064432204232738350137242715223427192068424347072552738069362021633423864841461181640625;99.420110904432748547984790634022914509921370724025727825668292854049458258866375109409629917678330457420088350772857666015625;73.806106420453409891395365988593482553420317958576546244665467720917052022607359384673286761824329005321487784385681152343750;
70.270183553729393639878081375293798938646457280585546961850615298526242821804794168316643521166042773984372615814208984375000;101.957531713562684611289232135808845414049036189814811879708343139223093308313091982612863528601110374438576400279998779296875;80.676026118950531279495441957595350476241300935982512496122188179610592411073152524676743713172299976577050983905792236328125;
74.354061898397078401355368984433958533940963571951188412499480197176490927930809062343375792636379628675058484077453613281250;104.494950569577005674593456798202223525894591076074854198787276769845965245744645903333558401016034622443839907646179199218750;87.545947304494672667595683021981248821631913277904687643604532977507463435164463544380097914654470514506101608276367187500000;
78.437940681438063162832705262787222220350384914422526169402406804068408098247044274442529854241001885384321212768554687500000;107.032367601912836737897478991610690473904960979858297075819934287272646644057749721300198952889104475616477429866790771484375;94.415869875344004055696077886138954239742795551197765926879092180358855934184004348765084646544210045249201357364654541015625;
82.521819875051092924310087123794248550348996115249163493153214897147954446475837174228284975896485775592736899852752685546875;109.569783017874742801201321731464363548317251650263954562186965566644246964585725288669759702742112494888715445995330810546875;101.285793651995215443796606621197690887862567199513330033971396135077700333076115716060550120403149776393547654151916503906250;
86.605699451311972685787511467246614211669397094874452136090338092963004868113981865596073816959687974303960800170898437500000;112.107197125346983864505019199782679916942295077909274137093343084697652739863967625774665570759225374786183238029479980468750;108.155718354488241831897238145346444910447796311790580733338038748379235203808608522038636756690266338409855961799621582031250;
90.689579382510877447264975216735746870933669191381699404681924758499920741747663292461889561479893018258735537528991699218750;114.644610347017344927808618324336753060568728762877013059188740511590210098056730908012978975563100902945734560489654541015625;115.025643587845123219997928607222675160087764049863453459861197983119753039631043647385288952733617406920529901981353759765625;
94.773459641598852208742475369224383223166616066293674410022258387499192111724533602382103403272139985347166657447814941406250;117.182023217440370991112178452602960681633201921388727787084621207090974674278605863371460760191666850005276501178741455078125;121.895568844560269608098621662387267239321017535987622643835126985789708161081178216557374671680236133397556841373443603515625;
98.857340202600826970220009040900445243351667831579960977235518097037755618895722492175948126202911225846037268638610839843750;119.719436356007877054415768350886730516678046413243304320383376860177828698807148328532579117933210000046528875827789306640625;128.765493531216935996199251428346871436621794798394618460533254950334281697030326696053192936375353383482433855533599853515625;
102.941221040930976731697573502189033491009818680234633549521805794102120858348123886606695354117846363806165754795074462890625;122.256850415810288117719460526790762288600342408618798486327212502525323636892051358190935950176481128437444567680358886718750;135.635417019310522384299748127073687469572021473912310639513274938092412587141902106414870221584578757756389677524566650390625;
107.025102133595561493175166200272190941696302777278209814922418088537675777687047606011316869256688733003102242946624755859375;124.794266018508994181023323998593925845306394284178406247498168816563914186309141142808276647713228157954290509223937988281250;142.505338710173378772400045293106802514710159020856985530151849656788258186034768436843689354276420999667607247829437255859375;
111.108983459293991254652784770309371985374739146979659887073308163893793904789306483185673535274418100016191601753234863281250;127.331683692733735244327417455987106147807773350465198887877375617388975395148525992551624685944489101530052721500396728515625;149.375258096476355160500086601595877221061017104416601734831896107777069917742004544376765995394862329703755676746368408203125;
115.192864998438961016130427037672876486499884429045147757285142718693969746119234857407997996148196762078441679477691650390625;129.869103832588081307631784653256053293316133013121097029981165551670229623225288136285915374656951826182194054126739501953125;156.245174803703186548599830472882861626958185679243074639726414945865630915984193860870932191176052583614364266395568847656250;
119.276746733117960777608091013674601362235405235921003308918201809023973170578524589588442772480902931420132517814636230468750;132.406526683923617370936452885409798040708864487474888808080504674272382139944823401488116498825320377363823354244232177734375;163.115088603914797936699251600646828056360606917561286227204160060103466042454248697939067636042409503716044127941131591796875;
123.360628647015735539085774886957371249510414099410309742548129271870001940649802215158037377307209681021049618721008300781250;134.943952355274953434241434202210639461162432604425004435369775828356600237272565193970275121415625108056701719760894775390625;169.984999404891834324798339746482652801162703456669723083495104770343210242704109114338095753993229664047248661518096923828125;
127.444510725313320300563477012285571736891576149163279502995336793887530955457130198149595656786914332769811153411865234375000;137.481380843876659497546728296634171655762163683959957752139425147686453094991626306016485603578303198446519672870635986328125;176.854907224218690712897096862650356171712483846929658923488391256165819437826599853751108337718278562533669173717498779296875;
131.528392954575250062041195898022943869835968145678091211030510620819808820119683318537739946663123191683553159236907958984375;140.018812066600075560852325939545160800881252000885609306224255141074770085991306792748412046734074465348385274410247802734375;183.724812158459492100995533669921430946179677053037054578578530763015215649813246081081818950053730077343061566352844238281250;
135.612275322633064823518930193199041025320317003657858351724935204219267171461975915285058658099615058745257556438446044921875;142.556245888681096624158212169122380496301116772537302232997395219628569691685090114682821216263164387783035635948181152343750;190.594714354546803489093666481087550147806136942953453428321109428231948760426049996850872414455579928471706807613372802734375;
