63.83010212288267126723440014757215976715087890625;95.504852276014190692876582033932209014892578125;41.19619109052792538250287179835140705108642578125;
63.82842154713267126723440014757215976715087890625;95.497159651914190692876582033932209014892578125;41.20556429037792538250287179835140705108642578125;
63.82337915903267126723440014757215976715087890625;95.474078016314190692876582033932209014892578125;41.23368831407792538250287179835140705108642578125;
63.81497231378267126723440014757215976715087890625;95.435592298264190692876582033932209014892578125;41.28058087737792538250287179835140705108642578125;
63.80319571543267126723440014757215976715087890625;95.381672283614190692876582033932209014892578125;41.34627749037792538250287179835140705108642578125;
63.78804140338267126723440014757215976715087890625;95.312272465964190692876582033932209014892578125;41.43083162007792538250287179835140705108642578125;
63.76949873138267126723440014757215976715087890625;95.227331817064190692876582033932209014892578125;41.53431494097792538250287179835140705108642578125;
63.74755433918267126723440014757215976715087890625;95.126773474164190692876582033932209014892578125;41.65681767607792538250287179835140705108642578125;
63.72219211688267126723440014757215976715087890625;95.010504340364190692876582033932209014892578125;41.79844903217792538250287179835140705108642578125;
63.69339316223267126723440014757215976715087890625;94.878414593114190692876582033932209014892578125;41.95933773407792538250287179835140705108642578125;
63.66113573148267126723440014757215976715087890625;94.730377094864190692876582033932209014892578125;42.13963266307792538250287179835140705108642578125;
63.62539518378267126723440014757215976715087890625;94.566246698564190692876582033932209014892578125;42.33950360707792538250287179835140705108642578125;
63.58614392013267126723440014757215976715087890625;94.385859438714190692876582033932209014892578125;42.55914213057792538250287179835140705108642578125;
63.54335131793267126723440014757215976715087890625;94.189031597414190692876582033932209014892578125;42.79876257407792538250287179835140705108642578125;
63.49698366223267126723440014757215976715087890625;93.975558632864190692876582033932209014892578125;43.05860319432792538250287179835140705108642578125;
63.44700407553267126723440014757215976715087890625;93.745213955214190692876582033932209014892578125;43.33892745867792538250287179835140705108642578125;
63.39337244858267126723440014757215976715087890625;93.497747532314190692876582033932209014892578125;43.64002550852792538250287179835140705108642578125;
63.33604537558267126723440014757215976715087890625;93.232884304714190692876582033932209014892578125;43.96221580912792538250287179835140705108642578125;
63.27497609843267126723440014757215976715087890625;92.950322385564190692876582033932209014892578125;44.30584700542792538250287179835140705108642578125;
63.21011446628267126723440014757215976715087890625;92.649731017114190692876582033932209014892578125;44.67130000602792538250287179835140705108642578125;
63.14140691868267126723440014757215976715087890625;92.330748250064190692876582033932209014892578125;45.05899032067792538250287179835140705108642578125;
63.06879650418267126723440014757215976715087890625;91.992978306264190692876582033932209014892578125;45.46937067897792538250287179835140705108642578125;
62.99222295033267126723440014757215976715087890625;91.635988578364190692876582033932209014892578125;45.90293396072792538250287179835140705108642578125;
62.91162280653267126723440014757215976715087890625;91.259306211214190692876582033932209014892578125;46.36021647167792538250287179835140705108642578125;
62.82692968953267126723440014757215976715087890625;90.862414200014190692876582033932209014892578125;46.84180159987792538250287179835140705108642578125;
62.73807467318267126723440014757215976715087890625;90.444746927914190692876582033932209014892578125;47.34832388832792538250287179835140705108642578125;
62.64498687978267126723440014757215976715087890625;90.005685051614190692876582033932209014892578125;47.88047355802792538250287179835140705108642578125;
62.54759435343267126723440014757215976715087890625;89.544549626664190692876582033932209014892578125;48.43900150932792538250287179835140705108642578125;
62.44582532928267126723440014757215976715087890625;89.060595343614190692876582033932209014892578125;49.02472481652792538250287179835140705108642578125;
62.33961006073267126723440014757215976715087890625;88.553002723264190692876582033932209014892578125;49.63853270542792538250287179835140705108642578125;
62.22888343813267126723440014757215976715087890625;88.020869092414190692876582033932209014892578125;50.28139295887792538250287179835140705108642578125;
62.11358873963267126723440014757215976715087890625;87.463198131264190692876582033932209014892578125;50.95435861852792538250287179835140705108642578125;
61.99368301708267126723440014757215976715087890625;86.878887752964190692876582033932209014892578125;51.65857471937792538250287179835140705108642578125;
61.86914487088267126723440014757215976715087890625;86.266716045914190692876582033932209014892578125;52.39528457262792538250287179835140705108642578125;
61.73998576233267126723440014757215976715087890625;85.625324989214190692876582033932209014892578125;53.16583473787792538250287179835140705108642578125;
61.60626664548267126723440014757215976715087890625;84.953201654114190692876582033932209014892578125;53.97167718982792538250287179835140705108642578125;
61.46812274163267126723440014757215976715087890625;84.248656655464190692876582033932209014892578125;54.81436609232792538250287179835140705108642578125;
61.32580103273267126723440014757215976715087890625;83.509799767614190692876582033932209014892578125;55.69554468907792538250287179835140705108642578125;
61.17971808823267126723440014757215976715087890625;82.734512958664190692876582033932209014892578125;56.61691444252792538250287179835140705108642578125;
61.03055127678267126723440014757215976715087890625;81.920421793264190692876582033932209014892578125;57.58017241937792538250287179835140705108642578125;
60.87938650068267126723440014757215976715087890625;81.064867509264190692876582033932209014892578125;58.58689147947792538250287179835140705108642578125;
60.72796509228267126723440014757215976715087890625;80.164884622564190692876582033932209014892578125;59.63829577457792538250287179835140705108642578125;
60.57911203703267126723440014757215976715087890625;79.217193565364190692876582033932209014892578125;60.73483988702792538250287179835140705108642578125;
60.43751226293267126723440014757215976715087890625;78.218226004214190692876582033932209014892578125;61.87540722227792538250287179835140705108642578125;
60.31119432918267126723440014757215976715087890625;77.164213689014190692876582033932209014892578125;63.05573747122792538250287179835140705108642578125;
60.21455139723267126723440014757215976715087890625;76.051389525764190692876582033932209014892578125;64.26520456642792538250287179835140705108642578125;
60.17496876863267126723440014757215976715087890625;74.876360588864190692876582033932209014892578125;65.47981613192792538250287179835140705108642578125;
60.24860126798267126723440014757215976715087890625;73.636664671714190692876582033932209014892578125;66.64587954972792538250287179835140705108642578125;
60.56020938483267126723440014757215976715087890625;72.331242231364190692876582033932209014892578125;67.63969387322792538250287179835140705108642578125;
61.39067986518267126723440014757215976715087890625;70.959607500064190692876582033932209014892578125;68.18085812417792538250287179835140705108642578125;
63.15860767603267126723440014757215976715087890625;69.516136813264190692876582033932209014892578125;67.85640100012792538250287179835140705108642578125;
65.86049290148267126723440014757215976715087890625;67.971814805864190692876582033932209014892578125;66.69883778207792538250287179835140705108642578125;
69.05544628218267126723440014757215976715087890625;66.240870061764190692876582033932209014892578125;65.23482914547792538250287179835140705108642578125;
70.02849049598267126723440014757215976715087890625;66.701411395264190692876582033932209014892578125;63.80124359817792538250287179835140705108642578125;
68.46164602128267126723440014757215976715087890625;69.553340053614190692876582033932209014892578125;62.51615941452792538250287179835140705108642578125;
66.70671803433267126723440014757215976715087890625;72.047394823764190692876582033932209014892578125;61.77703263132792538250287179835140705108642578125;
64.93847854383267126723440014757215976715087890625;73.918786425264190692876582033932209014892578125;61.67388052032792538250287179835140705108642578125;
63.16630344808267126723440014757215976715087890625;75.536661787814190692876582033932209014892578125;61.82818025352792538250287179835140705108642578125;
61.39448299808267126723440014757215976715087890625;77.061748964614190692876582033932209014892578125;62.07491352672792538250287179835140705108642578125;
59.62622443208267126723440014757215976715087890625;78.543010630164190692876582033932209014892578125;62.36191042717792538250287179835140705108642578125;
57.86367488103267126723440014757215976715087890625;79.999547712614190692876582033932209014892578125;62.66792289577792538250287179835140705108642578125;
56.10814488948267126723440014757215976715087890625;81.440422487164190692876582033932209014892578125;62.98257811277792538250287179835140705108642578125;
54.36035533478267126723440014757215976715087890625;82.870556756364190692876582033932209014892578125;63.30023339827792538250287179835140705108642578125;
52.62063178648267126723440014757215976715087890625;84.292893282664190692876582033932209014892578125;63.61762042027792538250287179835140705108642578125;
50.88904226923267126723440014757215976715087890625;85.709321319164190692876582033932209014892578125;63.93278190102792538250287179835140705108642578125;
49.16549096743267126723440014757215976715087890625;87.121121773414190692876582033932209014892578125;64.24453274857792538250287179835140705108642578125;
47.44978082668267126723440014757215976715087890625;88.529201288664190692876582033932209014892578125;64.55216337407792538250287179835140705108642578125;
45.74165501158267126723440014757215976715087890625;89.934224293814190692876582033932209014892578125;64.85526618402792538250287179835140705108642578125;
44.04082420283267126723440014757215976715087890625;91.336691844514190692876582033932209014892578125;65.15362944207792538250287179835140705108642578125;
42.34698445693267126723440014757215976715087890625;92.736990947364190692876582033932209014892578125;65.44717008512792538250287179835140705108642578125;
40.65982877948267126723440014757215976715087890625;94.135426649614190692876582033932209014892578125;65.73589006032792538250287179835140705108642578125;
38.97905450618267126723440014757215976715087890625;95.532243621764190692876582033932209014892578125;66.01984736147792538250287179835140705108642578125;
37.30436788493267126723440014757215976715087890625;96.927641093964190692876582033932209014892578125;66.29913651052792538250287179835140705108642578125;
35.63548678933267126723440014757215976715087890625;98.321783452614190692876582033932209014892578125;66.57387524747792538250287179835140705108642578125;
33.97214218798267126723440014757215976715087890625;99.714807923264190692876582033932209014892578125;66.84419537817792538250287179835140705108642578125;
32.31407878948267126723440014757215976715087890625;101.106830249214190692876582033932209014892578125;67.11023645072792538250287179835140705108642578125;
30.66105514733267126723440014757215976715087890625;102.497948960714190692876582033932209014892578125;67.37214138137792538250287179835140705108642578125;
29.01284341733267126723440014757215976715087890625;103.888248634164190692876582033932209014892578125;67.63005343792792538250287179835140705108642578125;
27.36922889783267126723440014757215976715087890625;105.277802414914190692876582033932209014892578125;67.88411417667792538250287179835140705108642578125;
25.73000944153267126723440014757215976715087890625;106.666673994264190692876582033932209014892578125;68.13446205362792538250287179835140705108642578125;
24.09499479848267126723440014757215976715087890625;108.054919176514190692876582033932209014892578125;68.38123151442792538250287179835140705108642578125;
22.46400593028267126723440014757215976715087890625;109.442587133914190692876582033932209014892578125;68.62455242522792538250287179835140705108642578125;
20.83687432183267126723440014757215976715087890625;110.829721421364190692876582033932209014892578125;68.86454974622792538250287179835140705108642578125;
19.21344130803267126723440014757215976715087890625;112.216360803914190692876582033932209014892578125;69.10134337747792538250287179835140705108642578125;
17.59355742603267126723440014757215976715087890625;113.602539936914190692876582033932209014892578125;69.33504812647792538250287179835140705108642578125;
15.97708179898267126723440014757215976715087890625;114.988289929514190692876582033932209014892578125;69.56577376092792538250287179835140705108642578125;
14.36388155513267126723440014757215976715087890625;116.373638814564190692876582033932209014892578125;69.79362511972792538250287179835140705108642578125;
12.75383128338267126723440014757215976715087890625;117.758611943014190692876582033932209014892578125;70.01870226302792538250287179835140705108642578125;
11.14681252503267126723440014757215976715087890625;119.143232316914190692876582033932209014892578125;70.24110064747792538250287179835140705108642578125;
9.54271330103267126723440014757215976715087890625;120.527520872214190692876582033932209014892578125;70.46091131617792538250287179835140705108642578125;
7.94142767313267126723440014757215976715087890625;121.911496720114190692876582033932209014892578125;70.67822109617792538250287179835140705108642578125;
6.34285533728267126723440014757215976715087890625;123.295177354014190692876582033932209014892578125;70.89311279812792538250287179835140705108642578125;
4.74690124718267126723440014757215976715087890625;124.678578827964190692876582033932209014892578125;71.10566541427792538250287179835140705108642578125;
3.15347526593267126723440014757215976715087890625;126.061715911114190692876582033932209014892578125;71.31595431237792538250287179835140705108642578125;
1.56249184383267126723440014757215976715087890625;127.444602221914190692876582033932209014892578125;71.52405142367792538250287179835140705108642578125;
-0.02613027946732873276559985242784023284912109375;128.827250345114190692876582033932209014892578125;71.73002542377792538250287179835140705108642578125;
-1.61246835046732873276559985242784023284912109375;130.209671934264190692876582033932209014892578125;71.93394190562792538250287179835140705108642578125;
-3.19659585666732873276559985242784023284912109375;131.591877801814190692876582033932209014892578125;72.13586354427792538250287179835140705108642578125;
-4.77858276256732873276559985242784023284912109375;132.973877998514190692876582033932209014892578125;72.33585025347792538250287179835140705108642578125;
-6.35849572816732873276559985242784023284912109375;134.355681883664190692876582033932209014892578125;72.53395933392792538250287179835140705108642578125;
-7.93639831126732873276559985242784023284912109375;135.737298187414190692876582033932209014892578125;72.73024561327792538250287179835140705108642578125;
-9.51235115511732873276559985242784023284912109375;137.118735066114190692876582033932209014892578125;72.92476157842792538250287179835140705108642578125;
-11.08641216251732873276559985242784023284912109375;138.500000151764190692876582033932209014892578125;73.11755750017792538250287179835140705108642578125;
-12.65863665741732873276559985242784023284912109375;139.881100596264190692876582033932209014892578125;73.30868155057792538250287179835140705108642578125;
-14.22907753501732873276559985242784023284912109375;141.262043111014190692876582033932209014892578125;73.49817991342792538250287179835140705108642578125;
-15.79778540146732873276559985242784023284912109375;142.642834002514190692876582033932209014892578125;73.68609688837792538250287179835140705108642578125;
-17.36480870371732873276559985242784023284912109375;144.023479204414190692876582033932209014892578125;73.87247498872792538250287179835140705108642578125;
-18.93019385046732873276559985242784023284912109375;145.403984306464190692876582033932209014892578125;74.05735503342792538250287179835140705108642578125;
-20.49398532486732873276559985242784023284912109375;146.784354580714190692876582033932209014892578125;74.24077623357792538250287179835140705108642578125;
-22.05622578966732873276559985242784023284912109375;148.164595005214190692876582033932209014892578125;74.42277627387792538250287179835140705108642578125;
-23.61695618546732873276559985242784023284912109375;149.544710285614190692876582033932209014892578125;74.60339138927792538250287179835140705108642578125;
-25.17621582236732873276559985242784023284912109375;150.924704874764190692876582033932209014892578125;74.78265643702792538250287179835140705108642578125;
-26.73404246561732873276559985242784023284912109375;152.304582990564190692876582033932209014892578125;74.96060496447792538250287179835140705108642578125;
-28.29047241586732873276559985242784023284912109375;153.684348632264190692876582033932209014892578125;75.13726927302792538250287179835140705108642578125;
-29.84554058431732873276559985242784023284912109375;155.064005595364190692876582033932209014892578125;75.31268047837792538250287179835140705108642578125;
-31.39928056306732873276559985242784023284912109375;156.443557485314190692876582033932209014892578125;75.48686856717792538250287179835140705108642578125;
-32.95172469111732873276559985242784023284912109375;157.823007730064190692876582033932209014892578125;75.65986245047792538250287179835140705108642578125;
-34.50290411626732873276559985242784023284912109375;159.202359591514190692876582033932209014892578125;75.83169001417792538250287179835140705108642578125;
-36.05284885331732873276559985242784023284912109375;160.581616176114190692876582033932209014892578125;76.00237816662792538250287179835140705108642578125;
-37.60158783876732873276559985242784023284912109375;161.960780444714190692876582033932209014892578125;76.17195288347792538250287179835140705108642578125;
-39.14914898221732873276559985242784023284912109375;163.339855221464190692876582033932209014892578125;76.34043925017792538250287179835140705108642578125;
-40.69555921476732873276559985242784023284912109375;164.718843202164190692876582033932209014892578125;76.50786150202792538250287179835140705108642578125;
-42.24084453461732873276559985242784023284912109375;166.097746962014190692876582033932209014892578125;76.67424306202792538250287179835140705108642578125;
-43.78503005001732873276559985242784023284912109375;167.476568962614190692876582033932209014892578125;76.83960657682792538250287179835140705108642578125;
-45.32814001976732873276559985242784023284912109375;168.855311558614190692876582033932209014892578125;77.00397395057792538250287179835140705108642578125;
-46.87019789146732873276559985242784023284912109375;170.233977003914190692876582033932209014892578125;77.16736637697792538250287179835140705108642578125;
-48.41122633761732873276559985242784023284912109375;171.612567457264190692876582033932209014892578125;77.32980436977792538250287179835140705108642578125;
-49.95124728971732873276559985242784023284912109375;172.991084987614190692876582033932209014892578125;77.49130779152792538250287179835140705108642578125;
-51.49028197051732873276559985242784023284912109375;174.369531579064190692876582033932209014892578125;77.65189588087792538250287179835140705108642578125;
-53.02835092451732873276559985242784023284912109375;175.747909135364190692876582033932209014892578125;77.81158727857792538250287179835140705108642578125;
-54.56547404691732873276559985242784023284912109375;177.126219484264190692876582033932209014892578125;77.97040005207792538250287179835140705108642578125;
-56.10167061096732873276559985242784023284912109375;178.504464381614190692876582033932209014892578125;78.12835171877792538250287179835140705108642578125;
-57.63695929381732873276559985242784023284912109375;179.882645514964190692876582033932209014892578125;78.28545926827792538250287179835140705108642578125;
-59.17135820121732873276559985242784023284912109375;181.260764507114190692876582033932209014892578125;78.44173918352792538250287179835140705108642578125;
-60.70488489076732873276559985242784023284912109375;182.638822919414190692876582033932209014892578125;78.59720746077792538250287179835140705108642578125;
-62.23755639401732873276559985242784023284912109375;184.016822254764190692876582033932209014892578125;78.75187962867792538250287179835140705108642578125;
-63.76938923761732873276559985242784023284912109375;185.394763960664190692876582033932209014892578125;78.90577076637792538250287179835140705108642578125;
-65.30039946321732873276559985242784023284912109375;186.772649431764190692876582033932209014892578125;79.05889552087792538250287179835140705108642578125;
-66.83060264646732873276559985242784023284912109375;188.150480012414190692876582033932209014892578125;79.21126812347792538250287179835140705108642578125;
-68.36001391516732873276559985242784023284912109375;189.528256999164190692876582033932209014892578125;79.36290240542792538250287179835140705108642578125;
-69.88864796646732873276559985242784023284912109375;190.905981643014190692876582033932209014892578125;79.51381181287792538250287179835140705108642578125;
-71.41651908316732873276559985242784023284912109375;192.283655151464190692876582033932209014892578125;79.66400942112792538250287179835140705108642578125;
-72.94364114936732873276559985242784023284912109375;193.661278690464190692876582033932209014892578125;79.81350794832792538250287179835140705108642578125;
-74.47002766541732873276559985242784023284912109375;195.038853386414190692876582033932209014892578125;79.96231976842792538250287179835140705108642578125;
-75.99569176196732873276559985242784023284912109375;196.416380327864190692876582033932209014892578125;80.11045692352792538250287179835140705108642578125;
-77.52064621356732873276559985242784023284912109375;197.793860567214190692876582033932209014892578125;80.25793113577792538250287179835140705108642578125;
-79.04490345156732873276559985242784023284912109375;199.171295122314190692876582033932209014892578125;80.40475381867792538250287179835140705108642578125;
-80.56847557646732873276559985242784023284912109375;200.548684977964190692876582033932209014892578125;80.55093608792792538250287179835140705108642578125;
-82.09137436971732873276559985242784023284912109375;201.926031087364190692876582033932209014892578125;80.69648877177792538250287179835140705108642578125;
-83.61361130491732873276559985242784023284912109375;203.303334373414190692876582033932209014892578125;80.84142242092792538250287179835140705108642578125;
-85.13519755856732873276559985242784023284912109375;204.680595729964190692876582033932209014892578125;80.98574731802792538250287179835140705108642578125;
-86.65614402036732873276559985242784023284912109375;206.057816023064190692876582033932209014892578125;81.12947348672792538250287179835140705108642578125;
-88.17646130316732873276559985242784023284912109375;207.434996092164190692876582033932209014892578125;81.27261070042792538250287179835140705108642578125;
-89.69615975226732873276559985242784023284912109375;208.812136751114190692876582033932209014892578125;81.41516849057792538250287179835140705108642578125;
-91.21524945446732873276559985242784023284912109375;210.189238789164190692876582033932209014892578125;81.55715615472792538250287179835140705108642578125;
-92.73374024676732873276559985242784023284912109375;211.566302972014190692876582033932209014892578125;81.69858276417792538250287179835140705108642578125;
-94.25164172461732873276559985242784023284912109375;212.943330042764190692876582033932209014892578125;81.83945717127792538250287179835140705108642578125;
-95.76896324981732873276559985242784023284912109375;214.320320722764190692876582033932209014892578125;81.97978801647792538250287179835140705108642578125;
-97.28571395811732873276559985242784023284912109375;215.697275712414190692876582033932209014892578125;82.11958373512792538250287179835140705108642578125;
-98.80190276661732873276559985242784023284912109375;217.074195692014190692876582033932209014892578125;82.25885256402792538250287179835140705108642578125;
-100.31753838081732873276559985242784023284912109375;218.451081322614190692876582033932209014892578125;82.39760254762792538250287179835140705108642578125;
-101.83262930121732873276559985242784023284912109375;219.827933246614190692876582033932209014892578125;82.53584154402792538250287179835140705108642578125;
-103.34718382976732873276559985242784023284912109375;221.204752088414190692876582033932209014892578125;82.67357723077792538250287179835140705108642578125;
-104.86121007616732873276559985242784023284912109375;222.581538455214190692876582033932209014892578125;82.81081711037792538250287179835140705108642578125;
-106.37471596381732873276559985242784023284912109375;223.958292937614190692876582033932209014892578125;82.94756851562792538250287179835140705108642578125;
-107.88770923551732873276559985242784023284912109375;225.335016110214190692876582033932209014892578125;83.08383861472792538250287179835140705108642578125;
-109.40019745896732873276559985242784023284912109375;226.711708532114190692876582033932209014892578125;83.21963441627792538250287179835140705108642578125;
-110.91218803211732873276559985242784023284912109375;228.088370747514190692876582033932209014892578125;83.35496277402792538250287179835140705108642578125;
-112.42368818831732873276559985242784023284912109375;229.465003286314190692876582033932209014892578125;83.48983039142792538250287179835140705108642578125;
-113.93470500106732873276559985242784023284912109375;230.841606664464190692876582033932209014892578125;83.62424382602792538250287179835140705108642578125;
-115.44524538881732873276559985242784023284912109375;232.218181384514190692876582033932209014892578125;83.75820949372792538250287179835140705108642578125;
-116.95531611961732873276559985242784023284912109375;233.594727936164190692876582033932209014892578125;83.89173367287792538250287179835140705108642578125;
-118.46492381541732873276559985242784023284912109375;234.971246796664190692876582033932209014892578125;84.02482250817792538250287179835140705108642578125;
-119.97407495631732873276559985242784023284912109375;236.347738431114190692876582033932209014892578125;84.15748201462792538250287179835140705108642578125;
-121.48277588456732873276559985242784023284912109375;237.724203292914190692876582033932209014892578125;84.28971808107792538250287179835140705108642578125;
-122.99103280856732873276559985242784023284912109375;239.100641824264190692876582033932209014892578125;84.42153647372792538250287179835140705108642578125;
-124.49885180671732873276559985242784023284912109375;240.477054456514190692876582033932209014892578125;84.55294283962792538250287179835140705108642578125;
-126.00623883091732873276559985242784023284912109375;241.853441610414190692876582033932209014892578125;84.68394270992792538250287179835140705108642578125;
-127.51319971016732873276559985242784023284912109375;243.229803696514190692876582033932209014892578125;84.81454150307792538250287179835140705108642578125;
-129.01974015401732873276559985242784023284912109375;244.606141115514190692876582033932209014892578125;84.94474452792792538250287179835140705108642578125;
-130.52586575576732873276559985242784023284912109375;245.982454258514190692876582033932209014892578125;85.07455698667792538250287179835140705108642578125;
-132.03158199566732873276559985242784023284912109375;247.358743507364190692876582033932209014892578125;85.20398397772792538250287179835140705108642578125;
-133.53689424396732873276559985242784023284912109375;248.735009234964190692876582033932209014892578125;85.33303049842792538250287179835140705108642578125;
-135.04180776391732873276559985242784023284912109375;250.111251805514190692876582033932209014892578125;85.46170144782792538250287179835140705108642578125;
-136.54632771461732873276559985242784023284912109375;251.487471574814190692876582033932209014892578125;85.59000162922792538250287179835140705108642578125;
-138.05045915371732873276559985242784023284912109375;252.863668890464190692876582033932209014892578125;85.71793575267792538250287179835140705108642578125;
-139.55420704016732873276559985242784023284912109375;254.239844092164190692876582033932209014892578125;85.84550843742792538250287179835140705108642578125;
-141.05757623681732873276559985242784023284912109375;255.615997512014190692876582033932209014892578125;85.97272421422792538250287179835140705108642578125;
-142.56057151276732873276559985242784023284912109375;256.992129474564190692876582033932209014892578125;86.09958752762792538250287179835140705108642578125;
-144.06319754591732873276559985242784023284912109375;258.368240297164190692876582033932209014892578125;86.22610273817792538250287179835140705108642578125;
-145.56545892536732873276559985242784023284912109375;259.744330290214190692876582033932209014892578125;86.35227412457792538250287179835140705108642578125;
-147.06736015351732873276559985242784023284912109375;261.120399757264190692876582033932209014892578125;86.47810588567792538250287179835140705108642578125;
-148.56890564831732873276559985242784023284912109375;262.496448995264190692876582033932209014892578125;86.60360214247792538250287179835140705108642578125;
-150.07009974546732873276559985242784023284912109375;263.872478294764190692876582033932209014892578125;86.72876694012792538250287179835140705108642578125;
-151.57094670041732873276559985242784023284912109375;265.248487940064190692876582033932209014892578125;86.85360424977792538250287179835140705108642578125;
-153.07145069031732873276559985242784023284912109375;266.624478209414190692876582033932209014892578125;86.97811797032792538250287179835140705108642578125;
-154.57161581601732873276559985242784023284912109375;268.000449375164190692876582033932209014892578125;87.10231193027792538250287179835140705108642578125;
-156.07144610391732873276559985242784023284912109375;269.376401703964190692876582033932209014892578125;87.22618988937792538250287179835140705108642578125;
-157.57094550771732873276559985242784023284912109375;270.752335456914190692876582033932209014892578125;87.34975554022792538250287179835140705108642578125;
-159.07011791021732873276559985242784023284912109375;272.128250889664190692876582033932209014892578125;87.47301250997792538250287179835140705108642578125;
